100
9857 15389 45643 52776 69271 72668 75655 90188 106767 118117 
125350 129618 132416 132463 139937 157788 166847 182178 187333 192034 
197337 197837 198651 200797 241348 253491 271691 288482 316495 325624 
337308 344302 348989 362014 382360 388412 406372 409295 411829 413452 
420181 420631 420995 425748 436019 438130 440213 450866 452014 461049 
470152 507833 530432 577963 585526 592533 609598 638175 638276 653885 
653906 668151 670414 685142 686575 687244 687480 700310 705149 712610 
732307 736794 741241 753944 754525 764311 775908 777657 793341 801539 
804974 828624 839038 846105 860982 867156 869742 875385 879522 898047 
911149 911302 912840 922265 931667 934591 963908 978181 979297 987264 

