10000
16 29 32 42 64 76 109 118 120 123 
156 158 160 169 174 175 182 192 214 233 
257 279 280 314 317 337 340 367 395 407 
429 457 464 477 481 485 487 496 551 559 
566 568 610 618 643 677 681 687 695 699 
713 714 721 739 743 764 770 771 780 782 
787 787 788 802 804 805 806 809 833 855 
884 889 897 902 907 913 926 940 943 944 
944 947 970 977 998 1000 1006 1014 1020 1033 
1039 1049 1053 1056 1077 1095 1097 1106 1108 1108 
1112 1114 1136 1146 1147 1162 1172 1189 1190 1194 
1202 1215 1224 1245 1261 1267 1270 1273 1273 1275 
1299 1310 1317 1325 1326 1340 1359 1362 1367 1372 
1376 1377 1383 1409 1432 1440 1452 1461 1474 1479 
1479 1481 1481 1503 1504 1508 1551 1564 1570 1575 
1585 1589 1638 1644 1656 1692 1696 1702 1705 1724 
1727 1730 1755 1755 1760 1764 1767 1771 1796 1799 
1805 1815 1819 1854 1866 1868 1870 1872 1880 1884 
1922 1933 1936 1937 1937 1946 1963 1965 1984 1986 
1986 2018 2026 2037 2042 2046 2057 2115 2122 2124 
2143 2143 2146 2180 2181 2201 2201 2215 2230 2236 
2262 2263 2278 2286 2296 2300 2309 2317 2336 2338 
2355 2362 2391 2403 2423 2430 2431 2441 2442 2447 
2449 2450 2451 2453 2464 2465 2471 2473 2478 2481 
2484 2487 2561 2573 2590 2591 2603 2617 2637 2640 
2640 2640 2650 2676 2687 2690 2690 2700 2702 2710 
2718 2743 2760 2761 2761 2764 2776 2777 2779 2784 
2795 2811 2814 2829 2840 2848 2849 2860 2875 2885 
2885 2886 2888 2900 2902 2903 2904 2919 2930 2934 
2964 2975 2995 2998 3006 3020 3026 3027 3028 3052 
3056 3069 3071 3074 3103 3109 3118 3122 3126 3139 
3147 3161 3187 3221 3239 3270 3276 3282 3290 3292 
3300 3318 3356 3366 3373 3376 3389 3411 3413 3416 
3436 3447 3459 3471 3489 3489 3510 3522 3530 3543 
3550 3564 3598 3599 3610 3637 3641 3649 3658 3665 
3668 3680 3692 3695 3697 3709 3723 3733 3734 3735 
3740 3742 3770 3782 3782 3789 3809 3810 3823 3827 
3853 3856 3857 3877 3881 3881 3881 3915 3946 3961 
3977 3983 3984 3986 4015 4016 4020 4021 4022 4025 
4032 4037 4048 4054 4075 4082 4098 4106 4107 4120 
4125 4136 4137 4138 4141 4162 4165 4170 4173 4180 
4203 4208 4225 4241 4247 4268 4287 4302 4306 4356 
4364 4365 4375 4383 4384 4386 4388 4391 4397 4415 
4430 4527 4533 4542 4544 4572 4590 4595 4607 4613 
4615 4623 4632 4638 4642 4674 4676 4681 4687 4690 
4692 4693 4697 4699 4700 4709 4754 4755 4757 4767 
4774 4786 4793 4804 4805 4806 4816 4822 4827 4829 
4840 4848 4853 4855 4861 4887 4892 4894 4903 4905 
4920 4924 4928 4982 4990 4998 5011 5017 5034 5039 
5042 5082 5085 5103 5111 5114 5117 5119 5120 5145 
5147 5148 5161 5178 5209 5217 5232 5239 5255 5268 
5275 5305 5320 5329 5334 5358 5366 5370 5376 5376 
5379 5386 5399 5413 5445 5458 5474 5481 5485 5524 
5532 5533 5541 5548 5572 5582 5591 5599 5599 5608 
5609 5611 5618 5632 5638 5640 5656 5659 5674 5674 
5691 5695 5696 5702 5705 5706 5712 5712 5738 5740 
5756 5781 5786 5800 5833 5833 5859 5884 5887 5888 
5898 5902 5910 5914 5919 5939 5970 5990 5994 5998 
6003 6060 6096 6099 6117 6118 6123 6124 6138 6140 
6140 6160 6164 6165 6178 6216 6219 6223 6226 6226 
6236 6239 6239 6240 6252 6269 6276 6279 6280 6311 
6312 6316 6326 6331 6344 6347 6348 6350 6375 6383 
6408 6411 6418 6423 6423 6424 6426 6437 6448 6455 
6467 6472 6481 6489 6496 6517 6519 6522 6523 6529 
6536 6541 6552 6583 6609 6617 6627 6639 6643 6651 
6671 6672 6677 6678 6684 6688 6713 6715 6720 6723 
6732 6743 6749 6778 6782 6800 6805 6814 6814 6819 
6832 6848 6854 6862 6862 6870 6873 6924 6928 6930 
6933 6973 6979 7031 7032 7042 7044 7105 7109 7111 
7115 7117 7122 7128 7144 7145 7149 7157 7169 7172 
7177 7180 7181 7186 7198 7205 7206 7207 7215 7217 
7218 7226 7280 7280 7290 7293 7299 7307 7318 7325 
7343 7349 7350 7380 7387 7404 7438 7439 7460 7460 
7480 7483 7490 7495 7496 7502 7507 7522 7529 7529 
7541 7554 7555 7559 7572 7577 7577 7592 7610 7627 
7632 7659 7668 7688 7709 7719 7740 7744 7766 7769 
7780 7796 7823 7824 7844 7849 7877 7884 7884 7884 
7887 7887 7900 7904 7916 7917 7923 7925 7936 7941 
7944 7958 7982 7999 8020 8033 8036 8054 8068 8083 
8086 8093 8097 8115 8115 8131 8138 8156 8157 8158 
8159 8167 8170 8180 8192 8212 8214 8233 8251 8266 
8270 8270 8287 8300 8320 8321 8335 8340 8378 8402 
8419 8419 8420 8432 8445 8450 8456 8463 8464 8464 
8466 8469 8492 8500 8502 8511 8564 8573 8577 8582 
8596 8602 8605 8606 8608 8614 8615 8616 8621 8628 
8651 8651 8653 8657 8664 8675 8684 8700 8715 8723 
8725 8726 8734 8749 8758 8768 8771 8777 8779 8798 
8807 8815 8817 8818 8832 8833 8834 8843 8850 8855 
8864 8882 8909 8924 8925 8928 8929 8929 8930 8934 
8936 8950 8950 8957 8968 8974 8987 9035 9038 9046 
9055 9056 9068 9071 9074 9075 9077 9090 9091 9124 
9147 9153 9159 9168 9170 9197 9203 9204 9213 9227 
9242 9256 9257 9269 9272 9272 9278 9284 9303 9311 
9342 9345 9379 9393 9405 9423 9428 9429 9430 9436 
9438 9457 9466 9472 9473 9473 9482 9495 9499 9502 
9510 9524 9527 9530 9533 9538 9552 9571 9575 9582 
9593 9603 9604 9618 9623 9628 9639 9659 9703 9703 
9704 9711 9715 9736 9739 9740 9742 9747 9754 9763 
9786 9789 9806 9823 9826 9831 9850 9863 9864 9870 
9870 9895 9901 9904 9924 9929 9953 9968 9972 9985 
9995 9999 10005 10016 10021 10022 10031 10034 10043 10052 
10053 10057 10062 10070 10074 10077 10086 10090 10119 10125 
10128 10131 10135 10143 10156 10201 10205 10223 10224 10227 
10238 10251 10265 10270 10274 10275 10279 10279 10284 10290 
10301 10309 10314 10324 10332 10333 10352 10371 10379 10390 
10393 10396 10397 10399 10403 10421 10429 10430 10432 10447 
10451 10454 10459 10460 10461 10463 10473 10481 10501 10507 
10516 10522 10529 10534 10541 10544 10555 10561 10572 10573 
10605 10630 10637 10642 10644 10645 10655 10672 10679 10709 
10741 10745 10758 10760 10771 10793 10795 10796 10802 10802 
10830 10831 10853 10859 10864 10875 10902 10915 10916 10919 
10921 10943 10955 10963 10970 10978 10990 10997 11006 11008 
11015 11031 11038 11083 11103 11103 11115 11117 11122 11144 
11157 11164 11176 11176 11187 11196 11205 11230 11232 11238 
11239 11240 11242 11245 11246 11262 11286 11289 11301 11324 
11336 11366 11375 11384 11389 11390 11399 11404 11409 11414 
11416 11417 11432 11459 11459 11462 11497 11515 11518 11521 
11530 11558 11577 11590 11591 11599 11601 11605 11623 11638 
11643 11671 11674 11694 11695 11700 11707 11725 11733 11739 
11740 11753 11760 11778 11790 11796 11796 11801 11806 11822 
11880 11903 11910 11916 11919 11922 11926 11938 11958 11973 
11975 11980 11985 11989 12005 12009 12019 12020 12021 12037 
12040 12058 12068 12088 12095 12100 12107 12113 12113 12144 
12150 12155 12159 12173 12204 12287 12289 12297 12304 12311 
12313 12315 12344 12375 12388 12427 12431 12453 12456 12464 
12479 12510 12510 12518 12523 12533 12534 12542 12554 12560 
12568 12570 12578 12639 12640 12641 12648 12648 12666 12683 
12685 12699 12700 12722 12732 12735 12741 12762 12775 12794 
12807 12811 12813 12835 12842 12848 12879 12886 12898 12906 
12913 12929 12935 12936 12944 12960 12962 12970 12970 12992 
12993 12998 13002 13008 13025 13025 13036 13052 13058 13064 
13065 13071 13071 13083 13086 13088 13089 13090 13091 13107 
13118 13120 13139 13145 13149 13156 13164 13166 13191 13229 
13232 13235 13238 13242 13243 13257 13275 13291 13298 13305 
13312 13316 13319 13321 13328 13338 13365 13375 13378 13390 
13400 13405 13417 13421 13442 13444 13448 13457 13459 13467 
13473 13500 13503 13505 13538 13540 13543 13546 13574 13581 
13588 13619 13626 13627 13637 13646 13656 13657 13669 13671 
13675 13691 13707 13715 13724 13742 13743 13759 13761 13769 
13791 13807 13820 13821 13822 13830 13837 13842 13844 13855 
13856 13871 13900 13917 13921 13923 13929 13933 13952 13959 
13969 14001 14026 14037 14044 14088 14095 14098 14099 14099 
14101 14109 14113 14114 14119 14132 14135 14141 14150 14163 
14166 14180 14196 14205 14219 14252 14279 14281 14285 14289 
14290 14305 14308 14317 14323 14331 14332 14348 14363 14373 
14373 14375 14382 14386 14398 14409 14409 14430 14452 14479 
14481 14482 14485 14486 14499 14515 14538 14553 14562 14569 
14570 14572 14582 14592 14600 14602 14635 14638 14650 14652 
14654 14671 14695 14696 14711 14717 14732 14733 14756 14766 
14787 14800 14805 14819 14824 14839 14840 14851 14882 14885 
14890 14901 14934 14936 14975 14976 14987 14992 14995 14999 
15003 15033 15044 15046 15049 15058 15063 15065 15072 15083 
15085 15094 15114 15145 15160 15162 15164 15188 15193 15198 
15223 15232 15233 15242 15262 15268 15278 15285 15285 15297 
15302 15316 15318 15322 15324 15333 15342 15360 15361 15365 
15415 15434 15438 15453 15464 15467 15511 15517 15520 15541 
15564 15571 15585 15594 15600 15613 15617 15639 15651 15656 
15672 15676 15680 15693 15705 15705 15719 15721 15721 15728 
15744 15809 15812 15838 15839 15864 15885 15885 15893 15897 
15926 15929 15929 15964 15974 15977 15978 15978 15983 15990 
15994 16002 16017 16024 16025 16040 16061 16069 16084 16093 
16099 16106 16110 16129 16134 16136 16137 16139 16143 16150 
16151 16159 16160 16163 16169 16182 16198 16212 16221 16227 
16233 16239 16251 16271 16277 16290 16294 16336 16339 16396 
16402 16426 16461 16469 16469 16470 16474 16478 16482 16501 
16508 16516 16524 16524 16539 16551 16555 16580 16594 16613 
16613 16620 16623 16626 16646 16655 16657 16686 16695 16703 
16723 16726 16750 16750 16752 16756 16760 16769 16771 16802 
16806 16809 16833 16854 16859 16877 16886 16900 16902 16903 
16912 16925 16928 16933 16940 16941 16979 16980 16981 16983 
16988 16997 17002 17006 17016 17031 17033 17036 17042 17045 
17051 17066 17069 17080 17088 17102 17119 17123 17127 17132 
17132 17138 17156 17168 17183 17183 17188 17189 17217 17217 
17218 17228 17239 17240 17259 17262 17271 17293 17294 17295 
17321 17346 17351 17352 17352 17358 17365 17375 17391 17394 
17399 17420 17433 17443 17447 17469 17477 17478 17481 17485 
17488 17511 17514 17519 17526 17543 17543 17559 17561 17572 
17574 17583 17584 17597 17607 17611 17628 17646 17649 17654 
17660 17665 17715 17719 17752 17755 17768 17769 17771 17787 
17795 17804 17807 17817 17830 17832 17848 17862 17871 17902 
17924 17930 17937 17942 17946 17958 17964 18000 18006 18016 
18023 18027 18029 18033 18047 18049 18052 18067 18074 18088 
18089 18095 18111 18121 18122 18135 18149 18150 18158 18162 
18167 18188 18189 18189 18205 18219 18246 18248 18252 18255 
18270 18277 18289 18293 18316 18336 18337 18338 18340 18347 
18355 18358 18358 18371 18373 18391 18399 18402 18419 18429 
18433 18440 18494 18497 18510 18517 18546 18558 18571 18574 
18576 18586 18587 18595 18612 18617 18631 18635 18649 18659 
18665 18678 18680 18683 18715 18726 18739 18759 18760 18763 
18787 18793 18812 18881 18901 18903 18939 18963 18974 18975 
18980 18987 18996 19001 19008 19013 19051 19067 19070 19074 
19076 19090 19120 19124 19128 19131 19159 19166 19175 19176 
19177 19178 19190 19196 19205 19211 19223 19250 19252 19253 
19270 19275 19279 19289 19293 19301 19312 19322 19332 19334 
19352 19364 19367 19371 19381 19382 19398 19409 19415 19436 
19465 19471 19483 19488 19494 19503 19515 19523 19523 19526 
19533 19546 19551 19560 19563 19575 19595 19614 19615 19615 
19616 19624 19632 19655 19659 19662 19665 19693 19698 19698 
19719 19729 19729 19750 19766 19773 19777 19798 19799 19818 
19821 19827 19833 19834 19837 19849 19866 19876 19888 19889 
19945 19960 19975 19976 20058 20065 20073 20087 20089 20091 
20105 20113 20115 20128 20137 20149 20155 20174 20190 20209 
20210 20211 20217 20219 20233 20235 20259 20279 20280 20282 
20285 20292 20292 20295 20300 20320 20326 20355 20362 20363 
20363 20377 20386 20429 20446 20465 20477 20479 20500 20500 
20520 20523 20527 20532 20544 20561 20562 20566 20568 20590 
20596 20599 20602 20605 20612 20637 20655 20660 20663 20667 
20668 20670 20683 20687 20706 20713 20727 20728 20736 20740 
20743 20791 20794 20827 20830 20855 20862 20867 20894 20899 
20908 20914 20917 20919 20963 20970 20974 20979 20992 20993 
20995 21005 21014 21023 21032 21039 21047 21060 21080 21080 
21080 21085 21089 21099 21103 21112 21126 21126 21138 21154 
21171 21208 21209 21215 21217 21225 21234 21239 21265 21268 
21269 21279 21290 21290 21336 21339 21340 21351 21370 21376 
21382 21392 21417 21420 21428 21432 21446 21453 21457 21459 
21471 21494 21504 21505 21532 21536 21541 21543 21555 21558 
21580 21599 21610 21613 21630 21634 21638 21643 21656 21687 
21691 21697 21713 21729 21730 21733 21737 21741 21748 21749 
21785 21803 21807 21812 21819 21826 21837 21842 21846 21862 
21877 21878 21891 21904 21906 21914 21922 21936 21942 21969 
21977 22013 22016 22027 22028 22034 22037 22041 22068 22075 
22079 22081 22094 22096 22101 22107 22113 22116 22124 22139 
22147 22149 22150 22179 22181 22192 22192 22198 22202 22212 
22225 22228 22257 22260 22287 22296 22300 22307 22317 22355 
22361 22365 22374 22391 22392 22408 22426 22434 22446 22452 
22455 22460 22464 22484 22494 22498 22512 22515 22531 22548 
22564 22566 22587 22589 22604 22607 22620 22622 22623 22625 
22626 22665 22684 22693 22699 22730 22732 22741 22751 22772 
22792 22793 22794 22801 22818 22819 22850 22854 22896 22909 
22911 22967 22971 22988 22989 22998 23001 23012 23014 23025 
23060 23062 23073 23113 23122 23151 23155 23159 23163 23167 
23175 23182 23183 23206 23212 23229 23260 23290 23301 23316 
23345 23348 23349 23371 23391 23401 23418 23428 23438 23445 
23459 23463 23464 23466 23486 23491 23502 23503 23510 23513 
23516 23518 23529 23530 23531 23538 23542 23567 23587 23597 
23616 23621 23627 23627 23644 23651 23667 23670 23702 23714 
23717 23725 23727 23745 23750 23785 23786 23795 23797 23806 
23809 23811 23814 23815 23819 23822 23842 23886 23892 23905 
23905 23920 23939 23942 23951 23975 24000 24002 24008 24032 
24036 24076 24086 24092 24098 24102 24118 24127 24132 24149 
24154 24163 24171 24176 24178 24182 24183 24184 24190 24225 
24235 24237 24260 24280 24282 24284 24306 24310 24318 24321 
24334 24341 24358 24375 24381 24382 24384 24406 24408 24409 
24422 24426 24439 24442 24447 24447 24450 24453 24462 24464 
24464 24486 24488 24488 24491 24517 24576 24632 24652 24659 
24662 24678 24679 24707 24742 24745 24753 24758 24768 24780 
24781 24799 24804 24804 24819 24853 24853 24854 24858 24908 
24920 24949 24963 24966 24967 24968 24995 25002 25003 25041 
25050 25051 25052 25062 25073 25077 25079 25080 25087 25101 
25112 25114 25125 25129 25183 25197 25199 25203 25216 25236 
25239 25240 25250 25255 25269 25284 25309 25327 25363 25372 
25398 25399 25399 25400 25401 25405 25418 25430 25454 25463 
25485 25492 25493 25518 25531 25535 25544 25546 25552 25553 
25568 25575 25580 25581 25589 25599 25602 25606 25613 25621 
25623 25630 25635 25674 25677 25679 25697 25708 25711 25717 
25748 25752 25755 25760 25766 25782 25783 25786 25788 25804 
25805 25807 25833 25835 25837 25850 25856 25867 25873 25876 
25879 25886 25888 25899 25932 25938 25941 25950 25965 25965 
25966 25969 25990 25994 26002 26019 26025 26029 26048 26062 
26075 26075 26080 26087 26095 26109 26125 26152 26164 26171 
26174 26179 26196 26197 26212 26228 26243 26244 26245 26265 
26282 26294 26302 26310 26318 26333 26359 26359 26377 26387 
26390 26392 26409 26422 26437 26459 26463 26465 26480 26482 
26483 26487 26491 26499 26511 26519 26542 26543 26548 26593 
26595 26600 26604 26614 26625 26638 26653 26659 26667 26667 
26686 26687 26707 26708 26709 26715 26730 26733 26743 26747 
26749 26760 26762 26779 26781 26785 26792 26812 26824 26829 
26840 26859 26860 26862 26869 26897 26916 26918 26923 26924 
26933 26937 26941 26943 26973 26994 27008 27022 27024 27032 
27092 27097 27101 27111 27112 27120 27124 27142 27148 27149 
27174 27178 27195 27226 27239 27257 27277 27304 27323 27323 
27352 27360 27361 27362 27367 27378 27395 27396 27424 27445 
27445 27446 27446 27448 27466 27472 27475 27476 27478 27503 
27523 27528 27529 27559 27571 27574 27575 27588 27591 27598 
27607 27611 27617 27623 27644 27658 27691 27693 27707 27717 
27717 27738 27747 27754 27764 27771 27774 27790 27793 27801 
27802 27822 27825 27828 27829 27834 27839 27857 27857 27859 
27861 27864 27871 27873 27881 27884 27891 27904 27910 27921 
27922 27936 27937 27967 27968 27983 27993 28011 28015 28024 
28028 28042 28046 28046 28055 28075 28099 28100 28104 28111 
28131 28138 28139 28144 28155 28199 28204 28205 28212 28214 
28215 28215 28218 28220 28236 28242 28262 28267 28279 28280 
28316 28320 28321 28321 28326 28350 28359 28361 28363 28365 
28373 28383 28383 28385 28426 28431 28455 28457 28458 28516 
28518 28538 28540 28559 28560 28637 28642 28644 28655 28658 
28672 28676 28686 28709 28727 28732 28732 28735 28737 28752 
28752 28765 28787 28795 28808 28812 28816 28823 28836 28837 
28844 28888 28889 28922 28927 28928 28939 28939 28969 28975 
28976 29033 29047 29053 29059 29086 29086 29102 29117 29127 
29128 29129 29143 29147 29172 29174 29179 29181 29181 29187 
29215 29220 29233 29235 29257 29265 29271 29273 29277 29304 
29309 29312 29315 29348 29351 29361 29391 29399 29406 29417 
29439 29443 29476 29481 29492 29515 29522 29531 29533 29538 
29539 29541 29548 29551 29554 29559 29570 29575 29576 29580 
29583 29604 29610 29614 29645 29649 29653 29655 29660 29663 
29675 29688 29707 29735 29743 29746 29781 29786 29793 29800 
29805 29805 29820 29820 29827 29837 29842 29866 29869 29883 
29896 29903 29908 29918 29919 29936 29938 29956 29968 29974 
29993 29994 30005 30007 30020 30030 30032 30054 30090 30099 
30102 30131 30131 30148 30154 30166 30168 30189 30214 30219 
30229 30230 30253 30258 30263 30270 30279 30297 30305 30308 
30327 30337 30348 30359 30359 30366 30372 30407 30423 30436 
30463 30464 30465 30473 30473 30488 30495 30514 30516 30519 
30543 30548 30552 30557 30563 30566 30569 30583 30602 30623 
30636 30640 30708 30711 30711 30720 30733 30745 30752 30756 
30761 30775 30777 30798 30816 30817 30828 30834 30848 30851 
30852 30852 30855 30859 30862 30865 30877 30895 30926 30929 
30935 30936 30936 30939 30939 30946 30949 30953 30954 30955 
30963 30969 30986 30988 31007 31012 31017 31019 31023 31033 
31038 31047 31066 31071 31099 31099 31102 31107 31117 31130 
31162 31166 31177 31181 31209 31212 31252 31261 31262 31267 
31271 31288 31297 31307 31324 31324 31330 31331 31336 31339 
31344 31357 31358 31369 31370 31424 31428 31429 31440 31457 
31461 31466 31480 31493 31513 31518 31519 31519 31527 31528 
31540 31540 31545 31549 31577 31596 31603 31609 31618 31629 
31630 31636 31643 31647 31679 31695 31699 31707 31728 31744 
31753 31764 31767 31778 31779 31784 31794 31796 31799 31799 
31803 31811 31826 31838 31847 31852 31864 31904 31906 31916 
31925 31954 31954 31961 31964 31966 31970 31993 32001 32013 
32027 32029 32034 32047 32066 32074 32089 32112 32120 32123 
32126 32139 32158 32173 32201 32217 32244 32255 32261 32297 
32311 32326 32327 32328 32332 32346 32362 32389 32391 32399 
32402 32423 32448 32450 32452 32481 32482 32500 32520 32526 
32533 32542 32570 32625 32649 32659 32668 32671 32673 32675 
32681 32681 32688 32693 32697 32709 32712 32715 32718 32722 
32723 32734 32743 32777 32784 32788 32805 32839 32844 32849 
32853 32866 32869 32876 32894 32903 32909 32909 32910 32952 
32959 32970 32973 32973 32986 32987 32991 32999 33016 33021 
33054 33060 33070 33084 33085 33102 33102 33105 33119 33126 
33134 33164 33165 33167 33181 33183 33198 33201 33214 33221 
33231 33246 33248 33283 33293 33293 33307 33308 33319 33330 
33331 33354 33363 33376 33402 33415 33420 33429 33440 33443 
33444 33452 33457 33461 33464 33489 33490 33491 33501 33534 
33544 33544 33578 33584 33585 33599 33602 33610 33623 33624 
33625 33635 33636 33689 33709 33715 33721 33724 33730 33747 
33771 33795 33817 33829 33845 33849 33858 33863 33866 33880 
33880 33893 33905 33907 33912 33914 33921 33926 33936 33936 
33963 33963 33966 33989 34020 34022 34024 34036 34037 34047 
34065 34066 34076 34080 34096 34118 34118 34139 34160 34176 
34178 34183 34214 34236 34236 34250 34259 34265 34290 34293 
34300 34310 34327 34334 34338 34351 34351 34355 34355 34364 
34371 34377 34379 34392 34394 34394 34408 34411 34424 34431 
34458 34461 34474 34475 34476 34478 34484 34484 34488 34490 
34495 34496 34500 34511 34520 34544 34557 34558 34569 34569 
34575 34583 34594 34605 34606 34609 34612 34616 34621 34639 
34653 34661 34689 34704 34714 34723 34727 34774 34794 34804 
34814 34830 34832 34838 34846 34849 34853 34880 34902 34906 
34921 34926 34929 34941 34946 34952 34959 34962 34968 34985 
34991 34997 35001 35006 35027 35039 35040 35049 35052 35055 
35061 35066 35072 35084 35086 35096 35097 35106 35116 35118 
35121 35137 35187 35188 35191 35192 35194 35211 35212 35220 
35233 35245 35259 35261 35267 35276 35277 35278 35283 35288 
35307 35308 35322 35334 35341 35355 35361 35387 35391 35396 
35398 35415 35416 35428 35484 35493 35495 35504 35525 35537 
35567 35569 35596 35603 35608 35643 35647 35649 35653 35670 
35671 35676 35686 35708 35713 35717 35735 35758 35764 35785 
35796 35797 35800 35808 35811 35829 35847 35854 35864 35873 
35877 35897 35897 35924 35944 35948 35955 35958 35971 36004 
36007 36009 36013 36051 36054 36054 36057 36065 36069 36072 
36073 36079 36079 36081 36109 36132 36136 36146 36158 36161 
36218 36235 36254 36256 36260 36270 36283 36286 36289 36312 
36316 36316 36320 36343 36348 36352 36391 36400 36404 36405 
36408 36409 36410 36438 36482 36483 36489 36497 36509 36512 
36520 36524 36534 36544 36553 36604 36614 36618 36626 36651 
36651 36651 36666 36668 36689 36698 36699 36699 36708 36717 
36735 36737 36743 36783 36783 36797 36809 36816 36827 36830 
36838 36842 36842 36850 36853 36861 36862 36872 36872 36888 
36911 36920 36923 36938 36939 36943 36945 36954 36983 36995 
37017 37053 37073 37086 37096 37099 37106 37117 37122 37123 
37143 37151 37171 37183 37191 37210 37212 37221 37228 37243 
37254 37256 37257 37262 37270 37279 37295 37305 37324 37325 
37347 37353 37362 37363 37364 37365 37374 37393 37415 37462 
37463 37471 37477 37500 37501 37510 37512 37525 37532 37537 
37545 37561 37571 37576 37592 37612 37624 37645 37661 37661 
37673 37675 37676 37695 37703 37713 37714 37717 37718 37720 
37723 37729 37732 37739 37739 37746 37748 37758 37760 37760 
37777 37787 37791 37801 37805 37818 37833 37847 37852 37860 
37862 37865 37866 37868 37872 37881 37909 37910 37912 37930 
37940 37942 37959 37960 37979 37985 37992 38009 38021 38031 
38057 38063 38073 38086 38092 38103 38108 38114 38127 38157 
38177 38178 38188 38188 38193 38221 38246 38248 38250 38254 
38274 38284 38284 38288 38307 38311 38321 38333 38333 38350 
38369 38396 38401 38417 38427 38429 38438 38444 38449 38450 
38450 38466 38503 38515 38524 38531 38535 38545 38547 38551 
38552 38558 38564 38569 38580 38581 38599 38599 38600 38605 
38614 38634 38647 38647 38647 38669 38673 38730 38734 38749 
38750 38752 38759 38793 38793 38801 38810 38814 38816 38847 
38854 38856 38886 38905 38906 38915 38968 38982 38983 39010 
39039 39062 39073 39076 39120 39137 39145 39147 39154 39161 
39188 39192 39201 39228 39260 39267 39289 39314 39318 39324 
39348 39364 39383 39398 39407 39410 39416 39440 39460 39480 
39481 39490 39531 39542 39547 39554 39556 39562 39565 39584 
39585 39585 39591 39597 39600 39604 39607 39614 39632 39647 
39648 39651 39666 39667 39674 39674 39674 39676 39697 39704 
39741 39743 39745 39752 39769 39780 39793 39794 39800 39845 
39850 39850 39857 39858 39863 39864 39874 39885 39902 39905 
39916 39920 39926 39930 39937 39937 39979 39979 39983 39985 
39986 39992 40008 40028 40047 40052 40060 40075 40078 40103 
40124 40148 40172 40175 40188 40190 40195 40196 40200 40201 
40221 40244 40254 40258 40272 40299 40309 40330 40331 40338 
40340 40344 40352 40355 40356 40370 40402 40412 40428 40433 
40435 40445 40447 40457 40468 40469 40488 40504 40514 40528 
40532 40535 40554 40561 40573 40575 40589 40595 40597 40603 
40604 40616 40624 40628 40680 40683 40686 40693 40708 40719 
40724 40752 40765 40765 40769 40775 40790 40807 40811 40815 
40825 40840 40846 40874 40875 40877 40887 40913 40915 40915 
40917 40924 40928 40928 40937 40940 40951 40952 40955 40980 
40989 41007 41029 41031 41037 41039 41039 41042 41045 41048 
41050 41052 41067 41069 41073 41075 41086 41094 41114 41114 
41116 41121 41129 41130 41131 41132 41166 41172 41174 41177 
41177 41194 41197 41207 41225 41227 41237 41256 41273 41274 
41281 41295 41304 41321 41346 41360 41375 41376 41379 41381 
41395 41398 41415 41419 41442 41444 41451 41465 41468 41475 
41505 41518 41528 41536 41536 41539 41543 41548 41554 41563 
41563 41574 41583 41584 41589 41593 41593 41606 41606 41616 
41640 41660 41672 41682 41684 41700 41705 41713 41728 41731 
41732 41733 41737 41753 41758 41790 41795 41796 41798 41802 
41803 41812 41821 41825 41839 41841 41842 41861 41873 41879 
41880 41881 41889 41904 41921 41948 41951 41957 41973 41973 
41975 41977 41979 41983 41987 41989 42000 42007 42036 42041 
42069 42070 42082 42094 42095 42101 42112 42113 42113 42124 
42151 42154 42156 42159 42163 42177 42178 42191 42196 42216 
42230 42235 42241 42242 42261 42265 42282 42289 42298 42306 
42312 42313 42313 42326 42334 42368 42370 42384 42410 42417 
42425 42432 42452 42452 42461 42499 42516 42528 42529 42532 
42535 42542 42559 42570 42571 42580 42582 42584 42641 42642 
42654 42660 42666 42692 42696 42708 42718 42768 42772 42783 
42785 42791 42802 42806 42810 42826 42830 42831 42835 42835 
42836 42847 42858 42865 42869 42871 42873 42875 42882 42886 
42892 42897 42922 42932 42946 42947 42968 42981 42981 43005 
43009 43040 43045 43051 43052 43057 43069 43077 43093 43098 
43103 43107 43111 43125 43127 43133 43139 43147 43158 43162 
43183 43191 43194 43199 43201 43214 43238 43261 43263 43277 
43295 43295 43299 43317 43318 43344 43347 43351 43359 43365 
43376 43377 43391 43405 43408 43424 43425 43425 43452 43458 
43460 43467 43486 43487 43497 43521 43525 43537 43560 43570 
43571 43578 43580 43615 43628 43644 43649 43649 43657 43663 
43665 43690 43705 43724 43760 43761 43770 43776 43779 43802 
43843 43853 43858 43869 43873 43883 43894 43917 43925 43938 
43938 43976 43977 43980 43982 43989 43994 44000 44004 44004 
44008 44009 44015 44018 44018 44035 44065 44067 44070 44099 
44111 44114 44119 44134 44137 44138 44148 44194 44202 44209 
44223 44231 44246 44247 44257 44260 44263 44264 44283 44294 
44303 44322 44332 44345 44359 44369 44369 44405 44405 44406 
44408 44411 44418 44425 44432 44433 44439 44450 44451 44461 
44469 44488 44490 44519 44523 44539 44552 44574 44587 44594 
44605 44612 44618 44620 44623 44629 44636 44653 44671 44677 
44677 44680 44700 44710 44729 44750 44753 44755 44766 44766 
44769 44778 44789 44799 44800 44801 44805 44827 44840 44855 
44865 44872 44886 44888 44891 44894 44935 44944 44957 44959 
44965 44989 44991 44997 45013 45015 45031 45040 45048 45068 
45081 45135 45146 45149 45168 45181 45183 45199 45203 45209 
45212 45218 45224 45232 45244 45253 45256 45267 45268 45268 
45279 45287 45289 45300 45315 45322 45328 45335 45353 45355 
45366 45368 45382 45384 45392 45404 45407 45411 45428 45448 
45449 45463 45474 45483 45489 45508 45537 45551 45556 45562 
45584 45589 45605 45612 45613 45615 45641 45643 45644 45653 
45655 45660 45664 45666 45677 45691 45699 45706 45709 45723 
45728 45733 45740 45752 45773 45781 45783 45787 45792 45797 
45818 45823 45841 45843 45851 45854 45877 45880 45892 45910 
45924 45929 45932 45947 45953 45973 45974 45977 45977 45983 
45985 46005 46008 46020 46023 46024 46058 46063 46074 46088 
46136 46137 46139 46150 46150 46151 46157 46159 46197 46203 
46207 46217 46233 46234 46293 46303 46313 46313 46313 46320 
46327 46331 46343 46354 46370 46385 46388 46389 46390 46393 
46395 46406 46411 46421 46425 46448 46472 46474 46491 46492 
46493 46497 46520 46523 46524 46525 46536 46539 46543 46548 
46549 46549 46561 46568 46568 46611 46629 46635 46639 46640 
46654 46703 46716 46726 46730 46737 46743 46744 46752 46752 
46788 46789 46790 46799 46805 46856 46864 46868 46870 46871 
46895 46897 46899 46907 46908 46914 46919 46920 46939 46949 
46962 46975 46993 46993 47002 47006 47022 47044 47045 47056 
47080 47107 47117 47187 47210 47231 47236 47248 47256 47259 
47268 47281 47308 47308 47312 47322 47327 47332 47357 47358 
47363 47372 47391 47398 47400 47414 47437 47438 47443 47459 
47467 47471 47480 47480 47496 47520 47533 47537 47541 47542 
47560 47574 47575 47577 47582 47606 47618 47624 47628 47633 
47640 47642 47663 47665 47665 47728 47732 47734 47762 47771 
47773 47787 47789 47799 47810 47815 47828 47846 47863 47909 
47910 47917 47925 47929 47936 47945 47946 47947 47947 47951 
47958 47977 47988 48009 48017 48018 48023 48036 48039 48039 
48047 48048 48056 48071 48104 48108 48112 48114 48118 48124 
48133 48134 48143 48163 48176 48189 48205 48211 48233 48235 
48249 48284 48292 48295 48319 48327 48333 48339 48344 48352 
48352 48379 48382 48391 48414 48425 48430 48431 48434 48435 
48440 48442 48444 48446 48468 48468 48475 48487 48508 48509 
48518 48532 48549 48559 48562 48572 48575 48576 48584 48590 
48601 48614 48621 48622 48623 48638 48640 48662 48670 48670 
48673 48675 48676 48689 48702 48707 48717 48729 48730 48747 
48750 48759 48786 48788 48811 48811 48819 48820 48840 48843 
48843 48856 48868 48876 48881 48885 48886 48898 48900 48908 
48909 48920 48941 48946 48947 48949 48966 48966 48966 48970 
48974 48988 48999 49007 49028 49049 49060 49072 49079 49084 
49097 49099 49114 49127 49139 49141 49145 49151 49152 49182 
49185 49185 49207 49213 49221 49233 49236 49247 49265 49271 
49272 49293 49313 49317 49318 49318 49325 49335 49356 49365 
49370 49372 49372 49383 49383 49385 49386 49397 49414 49416 
49426 49452 49470 49484 49492 49493 49494 49500 49524 49531 
49537 49544 49545 49550 49555 49576 49591 49600 49612 49623 
49627 49630 49631 49632 49640 49644 49668 49669 49696 49712 
49718 49736 49747 49770 49773 49790 49801 49803 49807 49809 
49810 49825 49835 49841 49859 49859 49861 49861 49863 49879 
49884 49895 49901 49910 49950 49960 49961 49965 49970 49972 
49977 49977 49994 49999 50032 50032 50047 50050 50058 50060 
50071 50074 50076 50093 50134 50139 50163 50169 50188 50195 
50199 50200 50207 50211 50220 50222 50223 50257 50262 50267 
50284 50299 50334 50355 50357 50362 50391 50397 50408 50411 
50418 50423 50424 50428 50440 50447 50487 50492 50498 50516 
50521 50528 50538 50543 50546 50548 50558 50562 50571 50585 
50591 50591 50609 50623 50647 50666 50688 50692 50708 50712 
50714 50722 50724 50727 50733 50769 50782 50785 50790 50791 
50799 50817 50821 50830 50845 50853 50869 50874 50900 50917 
50934 50940 50948 50951 50973 50979 50980 50991 51019 51023 
51042 51114 51121 51127 51128 51134 51137 51143 51150 51166 
51169 51183 51185 51185 51186 51199 51236 51237 51242 51258 
51264 51282 51296 51296 51297 51305 51308 51308 51309 51312 
51317 51328 51328 51329 51332 51333 51352 51363 51365 51376 
51381 51395 51425 51433 51435 51436 51437 51453 51477 51478 
51484 51503 51504 51514 51535 51545 51551 51564 51565 51565 
51569 51596 51600 51600 51607 51628 51634 51635 51639 51645 
51662 51671 51681 51684 51761 51770 51775 51787 51802 51841 
51843 51851 51852 51856 51871 51873 51885 51898 51900 51905 
51908 51923 51927 51941 51943 51948 51960 51981 51988 51988 
51992 51996 52043 52053 52070 52077 52087 52089 52103 52108 
52111 52166 52176 52177 52181 52183 52185 52186 52195 52206 
52238 52239 52264 52278 52282 52282 52305 52319 52320 52328 
52333 52353 52354 52376 52385 52386 52398 52400 52408 52419 
52439 52440 52443 52450 52470 52473 52485 52485 52490 52491 
52512 52540 52557 52558 52561 52562 52606 52613 52629 52640 
52647 52647 52656 52664 52692 52697 52700 52700 52701 52715 
52725 52728 52744 52745 52748 52750 52758 52795 52802 52802 
52816 52818 52852 52854 52869 52883 52891 52899 52902 52931 
52936 52946 52952 52958 52982 52994 53006 53026 53040 53045 
53047 53051 53069 53075 53077 53078 53082 53110 53111 53149 
53155 53171 53182 53183 53219 53227 53233 53245 53263 53272 
53294 53313 53323 53337 53337 53355 53357 53371 53380 53387 
53394 53407 53410 53415 53420 53421 53422 53428 53438 53469 
53477 53488 53491 53492 53506 53515 53520 53537 53539 53566 
53574 53575 53584 53588 53598 53601 53611 53616 53630 53637 
53658 53660 53665 53665 53671 53680 53689 53697 53700 53726 
53739 53745 53754 53759 53797 53812 53831 53845 53858 53868 
53883 53903 53926 53950 53950 53951 53953 53966 53968 53976 
53980 53981 53989 53999 54009 54011 54013 54013 54024 54048 
54053 54057 54070 54102 54106 54112 54124 54124 54127 54147 
54148 54171 54177 54185 54198 54206 54219 54230 54231 54251 
54254 54257 54265 54300 54302 54305 54306 54316 54318 54328 
54338 54339 54339 54351 54358 54382 54382 54386 54393 54403 
54413 54415 54424 54438 54442 54446 54450 54457 54464 54470 
54473 54486 54494 54501 54507 54508 54559 54562 54577 54580 
54580 54600 54601 54606 54652 54661 54676 54694 54696 54696 
54705 54710 54723 54731 54732 54742 54744 54746 54753 54785 
54801 54801 54822 54840 54860 54870 54871 54880 54881 54896 
54896 54897 54916 54922 54930 54933 54938 54949 54958 54958 
54975 55015 55020 55025 55033 55042 55047 55062 55063 55084 
55096 55112 55114 55114 55121 55146 55158 55179 55181 55186 
55187 55199 55236 55258 55285 55290 55293 55302 55335 55347 
55359 55365 55370 55396 55422 55425 55443 55455 55457 55462 
55483 55504 55539 55539 55578 55594 55595 55608 55611 55616 
55618 55621 55628 55639 55652 55657 55668 55669 55685 55716 
55720 55728 55729 55734 55744 55744 55757 55767 55789 55796 
55808 55840 55843 55843 55850 55854 55860 55882 55888 55890 
55890 55909 55954 55956 55959 55966 55981 55992 56000 56015 
56017 56038 56049 56054 56063 56068 56078 56079 56086 56092 
56094 56096 56107 56115 56121 56125 56137 56144 56151 56166 
56178 56180 56181 56226 56230 56233 56250 56260 56276 56276 
56284 56300 56312 56329 56335 56345 56359 56362 56362 56364 
56385 56391 56391 56420 56429 56433 56456 56461 56495 56497 
56513 56517 56520 56544 56558 56563 56563 56570 56573 56596 
56600 56607 56643 56655 56656 56661 56669 56677 56682 56683 
56688 56700 56706 56717 56723 56732 56736 56737 56738 56746 
56763 56766 56767 56778 56791 56797 56805 56813 56821 56826 
56828 56840 56845 56884 56897 56907 56910 56911 56921 56924 
56935 56935 56950 56967 56978 56981 56983 57014 57027 57027 
57037 57081 57100 57102 57136 57137 57149 57152 57161 57170 
57173 57180 57187 57190 57211 57217 57222 57235 57237 57242 
57264 57271 57274 57280 57286 57308 57321 57326 57341 57344 
57356 57364 57370 57382 57390 57404 57406 57412 57434 57441 
57458 57459 57470 57474 57483 57486 57499 57500 57516 57516 
57518 57539 57542 57562 57583 57602 57609 57610 57613 57622 
57633 57641 57645 57650 57652 57667 57667 57672 57710 57719 
57720 57736 57744 57763 57773 57776 57785 57787 57808 57811 
57823 57847 57875 57891 57907 57913 57916 57917 57917 57924 
57935 57940 57941 57941 57958 57961 57964 58004 58016 58082 
58088 58117 58138 58166 58169 58188 58188 58188 58191 58192 
58193 58202 58203 58210 58217 58225 58226 58238 58238 58239 
58245 58256 58274 58289 58291 58303 58321 58330 58359 58364 
58375 58400 58403 58408 58408 58412 58418 58427 58433 58439 
58458 58465 58484 58489 58492 58494 58497 58498 58507 58515 
58519 58521 58523 58539 58572 58591 58619 58630 58633 58633 
58644 58651 58656 58697 58714 58716 58727 58727 58733 58740 
58755 58765 58783 58809 58813 58843 58854 58856 58864 58870 
58879 58881 58891 58897 58898 58902 58913 58917 58955 58963 
58966 58979 58981 58992 58997 59013 59028 59033 59069 59089 
59096 59103 59111 59117 59144 59145 59147 59149 59186 59191 
59198 59200 59219 59230 59233 59236 59238 59239 59241 59243 
59255 59263 59271 59280 59282 59285 59291 59295 59295 59299 
59314 59321 59323 59355 59381 59386 59398 59439 59442 59446 
59486 59499 59526 59528 59531 59534 59549 59557 59575 59608 
59610 59626 59643 59646 59655 59667 59677 59688 59693 59713 
59713 59718 59730 59744 59744 59751 59758 59769 59771 59771 
59777 59779 59780 59785 59808 59813 59827 59846 59850 59851 
59863 59864 59864 59870 59880 59885 59902 59921 59923 59959 
59959 59969 59981 59984 59985 59988 59997 59999 60010 60014 
60020 60025 60027 60033 60045 60048 60065 60067 60069 60088 
60095 60098 60104 60114 60123 60149 60151 60186 60189 60218 
60225 60230 60247 60263 60270 60291 60303 60306 60311 60364 
60364 60380 60384 60422 60426 60435 60441 60459 60461 60496 
60507 60515 60517 60535 60562 60562 60568 60575 60597 60602 
60608 60615 60615 60647 60650 60666 60670 60670 60741 60759 
60774 60782 60786 60793 60797 60799 60802 60805 60816 60827 
60830 60835 60846 60876 60894 60897 60909 60915 60918 60922 
60926 60930 60941 60949 60961 60963 60968 60981 60983 61007 
61026 61030 61035 61048 61076 61081 61103 61106 61109 61111 
61121 61124 61159 61177 61202 61231 61232 61241 61243 61257 
61266 61281 61283 61287 61289 61298 61302 61304 61318 61326 
61328 61330 61341 61352 61355 61377 61398 61404 61431 61464 
61475 61479 61518 61530 61556 61576 61605 61616 61629 61661 
61671 61680 61681 61692 61694 61712 61715 61723 61724 61728 
61733 61752 61753 61778 61797 61804 61828 61830 61833 61841 
61843 61870 61876 61885 61895 61910 61917 61925 61927 61944 
61945 61947 61984 61999 62007 62009 62018 62019 62032 62039 
62046 62056 62061 62062 62063 62080 62094 62102 62104 62115 
62122 62141 62155 62160 62161 62187 62198 62211 62211 62211 
62231 62231 62235 62243 62247 62261 62262 62262 62264 62287 
62292 62293 62297 62298 62302 62307 62308 62330 62346 62361 
62364 62377 62398 62421 62434 62438 62461 62477 62479 62479 
62484 62491 62494 62495 62504 62507 62508 62510 62518 62525 
62558 62560 62564 62575 62575 62580 62584 62590 62609 62615 
62616 62620 62623 62635 62636 62638 62646 62647 62650 62669 
62674 62697 62699 62702 62717 62721 62747 62758 62776 62792 
62798 62803 62825 62835 62849 62862 62878 62879 62881 62909 
62919 62927 62948 62977 62990 63027 63027 63028 63045 63049 
63071 63079 63086 63088 63092 63097 63098 63102 63105 63114 
63120 63148 63162 63189 63208 63211 63213 63214 63219 63236 
63244 63246 63253 63255 63289 63299 63300 63303 63303 63310 
63328 63336 63337 63349 63354 63361 63366 63375 63380 63386 
63396 63400 63431 63442 63444 63447 63457 63468 63474 63479 
63481 63510 63550 63561 63564 63571 63584 63584 63585 63595 
63600 63612 63622 63624 63654 63670 63672 63675 63683 63688 
63701 63724 63738 63749 63776 63788 63789 63805 63826 63845 
63850 63858 63861 63866 63880 63903 63905 63911 63917 63926 
63933 63935 63954 63965 63988 63989 64025 64045 64048 64049 
64051 64056 64058 64067 64073 64075 64079 64081 64091 64100 
64126 64131 64135 64174 64182 64186 64187 64188 64189 64195 
64195 64202 64208 64212 64219 64245 64251 64264 64279 64281 
64291 64291 64296 64312 64317 64323 64323 64332 64336 64338 
64338 64352 64360 64368 64374 64380 64396 64397 64398 64402 
64402 64404 64413 64414 64443 64444 64451 64455 64473 64482 
64498 64536 64538 64539 64540 64549 64564 64569 64573 64581 
64584 64599 64599 64599 64616 64662 64670 64676 64682 64706 
64709 64740 64763 64766 64769 64773 64784 64786 64794 64797 
64801 64812 64813 64828 64834 64836 64845 64854 64870 64892 
64895 64901 64902 64908 64925 64926 64943 64967 64974 64976 
64977 64979 64980 65017 65030 65062 65063 65064 65064 65066 
65076 65082 65087 65094 65115 65125 65137 65141 65142 65147 
65155 65161 65163 65165 65169 65176 65203 65221 65230 65231 
65257 65257 65266 65274 65279 65292 65314 65315 65321 65335 
65344 65348 65350 65390 65409 65414 65427 65431 65431 65433 
65439 65448 65498 65500 65512 65530 65549 65570 65588 65636 
65645 65658 65668 65670 65682 65687 65699 65706 65724 65724 
65726 65747 65770 65778 65787 65788 65791 65799 65801 65804 
65807 65813 65821 65821 65828 65842 65843 65854 65883 65888 
65907 65912 65918 65958 65974 65974 65996 66006 66026 66028 
66033 66043 66053 66076 66081 66122 66127 66161 66165 66194 
66202 66225 66236 66260 66268 66272 66275 66281 66288 66317 
66352 66371 66382 66404 66426 66436 66491 66494 66495 66501 
66525 66542 66552 66552 66557 66560 66586 66593 66593 66593 
66601 66605 66609 66615 66619 66619 66632 66637 66641 66657 
66662 66674 66676 66681 66696 66775 66777 66826 66842 66844 
66855 66866 66876 66885 66889 66896 66906 66909 66919 66921 
66934 66946 66955 66955 66957 66971 66995 67000 67002 67013 
67026 67026 67038 67045 67054 67065 67074 67077 67086 67088 
67089 67096 67114 67121 67125 67155 67157 67168 67179 67186 
67193 67212 67225 67225 67245 67264 67268 67273 67287 67292 
67296 67327 67332 67334 67338 67356 67387 67390 67392 67438 
67454 67504 67506 67508 67514 67515 67526 67544 67544 67611 
67612 67615 67616 67617 67620 67638 67654 67669 67675 67678 
67678 67697 67706 67724 67728 67758 67762 67775 67782 67785 
67786 67790 67790 67795 67800 67802 67812 67815 67823 67829 
67831 67837 67841 67861 67864 67903 67930 67933 67939 67948 
67984 67986 67998 68005 68013 68018 68032 68033 68034 68039 
68040 68042 68055 68066 68074 68074 68083 68085 68110 68157 
68175 68176 68176 68195 68201 68203 68224 68227 68242 68243 
68250 68268 68272 68293 68296 68299 68306 68313 68324 68325 
68325 68329 68331 68336 68337 68371 68392 68395 68402 68440 
68447 68458 68476 68496 68508 68511 68516 68538 68555 68563 
68564 68569 68582 68585 68588 68591 68595 68599 68599 68599 
68619 68652 68663 68668 68689 68691 68692 68693 68723 68724 
68743 68746 68759 68771 68786 68819 68822 68840 68858 68883 
68886 68894 68898 68935 68947 68951 68957 68965 68973 68979 
68996 69002 69004 69010 69012 69014 69048 69048 69049 69054 
69062 69069 69072 69074 69075 69075 69080 69088 69091 69098 
69107 69122 69126 69145 69146 69157 69158 69168 69182 69192 
69201 69221 69222 69228 69228 69243 69243 69268 69275 69276 
69276 69281 69289 69299 69307 69309 69330 69352 69359 69377 
69380 69381 69385 69394 69403 69405 69437 69439 69440 69441 
69448 69462 69473 69493 69505 69513 69524 69552 69555 69575 
69594 69597 69607 69610 69620 69657 69661 69665 69668 69709 
69714 69724 69725 69726 69735 69742 69757 69763 69772 69795 
69807 69818 69821 69823 69845 69854 69880 69886 69896 69904 
69916 69927 69929 69933 69936 69940 69941 69993 69995 70001 
70002 70020 70022 70030 70041 70066 70084 70092 70094 70102 
70102 70128 70129 70131 70151 70173 70173 70186 70218 70218 
70224 70233 70238 70243 70253 70255 70276 70287 70295 70301 
70303 70316 70325 70332 70345 70354 70355 70357 70361 70363 
70376 70402 70415 70434 70434 70435 70445 70451 70463 70469 
70483 70492 70493 70515 70516 70524 70528 70529 70530 70537 
70546 70561 70582 70589 70622 70629 70633 70633 70651 70656 
70676 70679 70681 70688 70695 70700 70704 70717 70725 70728 
70759 70762 70764 70781 70845 70867 70888 70904 70908 70920 
70921 70925 70948 70957 70961 70961 70967 70980 70986 70987 
70990 71001 71001 71008 71021 71027 71029 71036 71043 71044 
71054 71056 71082 71087 71091 71098 71108 71112 71137 71143 
71145 71149 71179 71182 71187 71197 71215 71218 71227 71243 
71243 71268 71283 71284 71305 71307 71330 71350 71361 71378 
71399 71402 71411 71425 71431 71435 71445 71455 71461 71475 
71478 71525 71525 71535 71553 71554 71573 71598 71601 71607 
71626 71635 71641 71648 71648 71648 71665 71682 71697 71718 
71736 71740 71744 71754 71766 71767 71769 71776 71790 71799 
71803 71813 71817 71834 71846 71851 71852 71865 71866 71867 
71873 71879 71890 71899 71913 71916 71922 71924 71935 71949 
71975 71982 71988 72019 72043 72055 72063 72064 72066 72071 
72097 72115 72116 72120 72122 72127 72138 72150 72158 72166 
72171 72208 72210 72225 72227 72240 72245 72248 72286 72289 
72300 72302 72302 72307 72314 72318 72330 72332 72333 72356 
72368 72372 72394 72423 72425 72447 72468 72480 72480 72536 
72542 72551 72552 72567 72567 72589 72601 72616 72625 72648 
72650 72674 72674 72705 72720 72724 72724 72731 72754 72770 
72787 72807 72819 72820 72838 72846 72848 72853 72855 72885 
72931 72940 72949 72961 72975 72984 73002 73019 73026 73037 
73040 73047 73060 73063 73064 73069 73070 73075 73090 73093 
73095 73098 73117 73126 73147 73169 73172 73177 73188 73195 
73203 73214 73221 73221 73235 73240 73251 73275 73286 73296 
73309 73328 73329 73340 73357 73360 73373 73383 73387 73413 
73414 73419 73432 73451 73499 73511 73523 73540 73550 73565 
73588 73638 73639 73656 73660 73663 73664 73666 73672 73694 
73695 73696 73709 73742 73743 73747 73796 73811 73812 73824 
73835 73856 73861 73862 73899 73908 73928 73930 73932 73934 
73935 73935 73937 73950 73953 73958 73964 74014 74021 74053 
74070 74077 74095 74105 74113 74157 74159 74180 74186 74201 
74211 74256 74273 74280 74284 74293 74298 74308 74311 74313 
74315 74319 74326 74333 74337 74338 74341 74347 74360 74361 
74370 74378 74379 74385 74412 74420 74433 74439 74444 74446 
74456 74482 74485 74499 74506 74521 74523 74542 74543 74544 
74544 74548 74572 74586 74617 74624 74631 74637 74640 74641 
74657 74673 74675 74688 74693 74695 74718 74739 74752 74768 
74780 74780 74791 74793 74794 74803 74816 74816 74817 74860 
74863 74903 74907 74919 74925 74926 74938 74939 74939 74940 
74942 74942 74943 74957 74958 74972 74973 74990 74991 74997 
75001 75014 75031 75043 75062 75077 75087 75091 75124 75127 
75136 75137 75141 75144 75150 75164 75174 75177 75179 75197 
75217 75222 75254 75254 75264 75274 75274 75300 75301 75312 
75314 75324 75326 75339 75342 75376 75376 75379 75382 75384 
75384 75396 75400 75401 75409 75415 75419 75431 75437 75440 
75446 75449 75460 75486 75499 75503 75512 75530 75530 75553 
75566 75566 75572 75585 75597 75600 75612 75623 75654 75657 
75663 75704 75723 75725 75731 75733 75738 75751 75760 75762 
75764 75770 75784 75791 75798 75809 75824 75839 75872 75873 
75880 75881 75921 75928 75937 75943 75955 75964 75983 76017 
76030 76036 76049 76102 76111 76115 76119 76127 76162 76174 
76179 76200 76201 76239 76244 76247 76253 76254 76259 76287 
76291 76299 76312 76333 76335 76343 76355 76357 76368 76371 
76381 76389 76391 76404 76429 76438 76440 76444 76453 76455 
76460 76463 76468 76472 76474 76520 76536 76558 76560 76585 
76588 76588 76590 76591 76598 76599 76607 76607 76612 76673 
76707 76716 76718 76718 76729 76729 76734 76750 76762 76764 
76768 76780 76790 76797 76805 76809 76809 76822 76826 76827 
76836 76850 76876 76883 76901 76902 76920 76950 76950 76978 
76997 77012 77014 77030 77034 77043 77048 77051 77052 77066 
77066 77068 77070 77071 77089 77117 77120 77122 77128 77132 
77133 77135 77187 77236 77240 77266 77279 77284 77287 77319 
77359 77366 77373 77374 77386 77388 77388 77389 77393 77394 
77396 77401 77444 77450 77461 77464 77474 77480 77484 77498 
77522 77523 77526 77528 77532 77540 77550 77567 77574 77597 
77608 77608 77609 77626 77640 77649 77682 77688 77706 77708 
77724 77731 77738 77754 77763 77768 77779 77784 77789 77794 
77803 77826 77828 77835 77864 77866 77867 77874 77892 77905 
77908 77920 77922 77923 77950 77953 77956 77969 77972 77982 
77985 77990 77991 77992 77994 78017 78029 78052 78076 78081 
78116 78139 78141 78144 78167 78186 78196 78203 78219 78225 
78227 78249 78249 78263 78268 78273 78282 78288 78290 78294 
78299 78374 78379 78419 78423 78441 78442 78447 78465 78471 
78486 78486 78506 78507 78517 78557 78558 78567 78569 78575 
78602 78604 78623 78626 78652 78653 78654 78655 78685 78694 
78697 78704 78749 78750 78756 78758 78764 78764 78767 78773 
78804 78809 78822 78863 78868 78873 78873 78876 78878 78881 
78884 78894 78899 78905 78915 78921 78923 78941 78955 78957 
78963 78983 78996 79011 79027 79041 79045 79052 79062 79066 
79080 79086 79093 79097 79098 79103 79103 79115 79120 79130 
79130 79133 79139 79146 79173 79174 79196 79208 79226 79245 
79255 79256 79294 79318 79333 79333 79339 79363 79373 79384 
79385 79385 79396 79402 79405 79407 79417 79417 79433 79437 
79442 79473 79473 79495 79495 79496 79496 79498 79525 79528 
79540 79547 79562 79566 79587 79604 79605 79607 79609 79615 
79621 79648 79649 79679 79716 79732 79743 79763 79764 79771 
79795 79804 79807 79833 79833 79848 79848 79860 79867 79890 
79890 79907 79932 79949 79959 79975 79983 79987 79994 80011 
80015 80018 80018 80026 80048 80049 80051 80066 80068 80085 
80098 80107 80173 80181 80184 80186 80200 80231 80253 80288 
80294 80298 80317 80340 80358 80363 80364 80373 80397 80419 
80430 80440 80441 80460 80471 80483 80488 80488 80512 80513 
80526 80536 80538 80539 80552 80556 80562 80568 80590 80596 
80603 80630 80634 80639 80641 80656 80657 80670 80673 80680 
80690 80699 80709 80717 80742 80747 80775 80785 80792 80832 
80840 80855 80857 80867 80869 80871 80883 80886 80895 80920 
80930 80938 80940 80955 80969 80978 81009 81018 81023 81029 
81032 81035 81042 81044 81058 81071 81073 81073 81081 81083 
81094 81096 81111 81112 81128 81156 81167 81180 81192 81211 
81243 81270 81271 81276 81278 81290 81291 81297 81300 81324 
81343 81350 81362 81402 81402 81405 81408 81410 81416 81423 
81424 81430 81455 81470 81501 81529 81530 81537 81540 81557 
81567 81596 81662 81667 81667 81669 81683 81687 81692 81697 
81721 81723 81735 81737 81752 81760 81773 81779 81790 81814 
81837 81838 81844 81859 81887 81889 81895 81918 81948 81959 
81964 81969 81975 81976 81989 81995 81999 82004 82006 82040 
82045 82069 82083 82103 82111 82116 82124 82125 82149 82176 
82182 82187 82189 82194 82199 82202 82202 82205 82212 82231 
82233 82239 82241 82268 82285 82306 82315 82316 82345 82355 
82362 82366 82379 82381 82416 82452 82453 82453 82454 82471 
82483 82485 82503 82517 82518 82525 82557 82559 82580 82583 
82592 82593 82598 82601 82602 82611 82611 82616 82617 82618 
82621 82644 82662 82675 82680 82705 82717 82720 82734 82739 
82750 82775 82779 82786 82795 82800 82807 82824 82829 82832 
82834 82851 82853 82857 82899 82899 82904 82926 82937 82943 
82946 82972 82982 82997 83002 83006 83014 83016 83018 83020 
83040 83046 83050 83062 83063 83068 83081 83086 83137 83141 
83145 83150 83152 83157 83169 83178 83190 83201 83211 83215 
83220 83228 83240 83252 83254 83256 83265 83267 83277 83277 
83279 83287 83297 83300 83310 83310 83320 83325 83326 83330 
83332 83332 83332 83353 83376 83377 83379 83380 83391 83408 
83414 83439 83447 83464 83479 83492 83506 83508 83509 83517 
83527 83548 83555 83556 83591 83607 83623 83630 83631 83639 
83643 83658 83659 83673 83674 83677 83680 83692 83704 83706 
83715 83718 83720 83728 83761 83770 83773 83790 83791 83810 
83813 83814 83834 83841 83864 83870 83872 83887 83888 83891 
83892 83909 83933 83935 83937 83974 83975 83998 84007 84019 
84029 84032 84034 84042 84047 84057 84059 84060 84084 84084 
84091 84092 84100 84134 84140 84143 84145 84147 84148 84161 
84193 84204 84235 84236 84270 84274 84281 84284 84290 84291 
84292 84302 84303 84350 84366 84386 84392 84399 84402 84410 
84453 84465 84471 84483 84500 84510 84513 84533 84535 84541 
84558 84559 84562 84575 84575 84589 84598 84608 84614 84615 
84618 84620 84621 84629 84630 84650 84658 84658 84675 84693 
84712 84713 84741 84747 84755 84757 84768 84777 84780 84824 
84835 84850 84861 84869 84873 84874 84875 84879 84891 84892 
84903 84910 84920 84981 84986 84993 84994 84996 85007 85017 
85029 85036 85049 85049 85051 85061 85062 85083 85087 85089 
85105 85114 85115 85121 85124 85124 85125 85128 85133 85135 
85142 85187 85193 85212 85218 85227 85257 85273 85287 85310 
85313 85318 85321 85335 85339 85382 85388 85391 85395 85417 
85426 85432 85434 85439 85441 85452 85461 85463 85464 85467 
85470 85493 85507 85518 85522 85539 85544 85550 85562 85565 
85575 85577 85580 85586 85591 85614 85617 85643 85658 85662 
85679 85719 85729 85746 85772 85772 85778 85797 85803 85804 
85808 85834 85837 85838 85846 85868 85869 85873 85882 85889 
85904 85910 85912 85932 85933 85949 85953 85982 85993 85997 
86026 86029 86031 86036 86039 86048 86082 86090 86104 86121 
86134 86143 86144 86147 86155 86163 86171 86171 86175 86201 
86201 86203 86213 86215 86223 86244 86274 86311 86337 86346 
86359 86377 86387 86389 86390 86417 86444 86450 86451 86454 
86469 86496 86505 86513 86514 86515 86518 86525 86527 86527 
86528 86536 86539 86541 86550 86573 86584 86591 86595 86623 
86630 86649 86673 86687 86690 86712 86713 86718 86724 86729 
86738 86745 86755 86757 86758 86776 86779 86788 86820 86837 
86837 86858 86871 86875 86883 86889 86937 86944 86953 86961 
86997 87007 87008 87014 87026 87027 87036 87044 87048 87067 
87077 87084 87093 87099 87106 87115 87131 87140 87147 87156 
87170 87175 87186 87190 87197 87198 87198 87206 87212 87234 
87234 87261 87265 87267 87271 87281 87300 87302 87322 87328 
87332 87339 87345 87350 87379 87406 87414 87454 87489 87505 
87518 87521 87528 87539 87547 87588 87589 87607 87636 87638 
87641 87644 87657 87671 87675 87694 87702 87708 87716 87717 
87719 87744 87748 87770 87795 87810 87810 87818 87828 87847 
87868 87882 87882 87896 87905 87912 87925 87927 87939 87947 
87957 87966 87970 87982 87990 87993 87995 87998 87998 88028 
88030 88053 88058 88089 88107 88110 88116 88132 88140 88176 
88182 88185 88186 88190 88197 88198 88200 88202 88233 88233 
88270 88277 88291 88296 88298 88320 88325 88326 88345 88348 
88362 88368 88372 88373 88378 88395 88407 88411 88438 88445 
88455 88467 88470 88479 88480 88502 88505 88510 88512 88541 
88544 88552 88575 88585 88598 88602 88602 88604 88618 88626 
88639 88648 88650 88653 88661 88669 88671 88676 88681 88681 
88682 88711 88714 88719 88722 88745 88755 88762 88767 88769 
88770 88804 88806 88817 88843 88852 88864 88867 88888 88897 
88900 88902 88907 88918 88920 88920 88923 88932 88934 88939 
88944 88944 88951 88967 88977 88981 88986 88998 88999 89001 
89008 89019 89040 89040 89054 89081 89111 89118 89123 89137 
89137 89157 89162 89166 89174 89180 89210 89258 89263 89268 
89276 89280 89323 89328 89332 89362 89373 89384 89387 89394 
89399 89410 89412 89418 89419 89426 89452 89456 89456 89462 
89469 89480 89487 89497 89501 89512 89528 89535 89550 89556 
89562 89573 89582 89593 89601 89621 89632 89633 89644 89644 
89645 89650 89658 89664 89668 89674 89677 89686 89694 89714 
89718 89720 89729 89755 89761 89762 89789 89796 89800 89812 
89812 89822 89824 89839 89842 89842 89880 89900 89901 89903 
89917 89927 89947 89954 89955 89955 89957 89964 89979 89990 
89997 90012 90039 90056 90072 90072 90092 90093 90102 90103 
90105 90111 90126 90129 90138 90143 90158 90186 90186 90207 
90215 90237 90250 90252 90256 90269 90276 90303 90316 90325 
90330 90349 90369 90382 90385 90386 90407 90422 90425 90443 
90470 90489 90490 90501 90506 90522 90533 90551 90560 90563 
90573 90590 90608 90667 90701 90707 90711 90719 90723 90744 
90752 90753 90753 90755 90763 90764 90796 90803 90806 90814 
90820 90844 90844 90848 90852 90897 90927 90931 90936 90944 
90945 90967 90970 90987 90999 91002 91011 91012 91015 91034 
91074 91081 91094 91098 91100 91105 91106 91131 91133 91137 
91181 91195 91211 91223 91254 91257 91259 91261 91274 91281 
91286 91287 91289 91297 91316 91324 91329 91336 91346 91351 
91351 91360 91360 91367 91368 91372 91384 91390 91401 91414 
91417 91423 91450 91457 91458 91462 91463 91464 91467 91468 
91475 91485 91494 91509 91510 91522 91523 91537 91542 91568 
91574 91590 91596 91597 91648 91668 91673 91681 91684 91685 
91694 91696 91697 91698 91702 91704 91713 91715 91718 91725 
91730 91731 91744 91751 91763 91772 91776 91777 91781 91785 
91797 91809 91811 91829 91834 91858 91864 91865 91866 91874 
91874 91880 91899 91900 91910 91915 91924 91925 91931 91947 
91953 91960 91967 91979 91991 91993 92001 92008 92010 92015 
92020 92033 92034 92035 92040 92042 92075 92075 92100 92105 
92111 92124 92132 92141 92149 92160 92181 92186 92197 92209 
92211 92215 92221 92225 92226 92235 92237 92249 92254 92263 
92266 92266 92270 92274 92285 92285 92289 92317 92324 92325 
92331 92353 92362 92373 92375 92387 92424 92452 92471 92472 
92483 92501 92503 92510 92513 92522 92527 92540 92569 92569 
92579 92579 92581 92586 92593 92633 92639 92649 92681 92697 
92703 92710 92717 92719 92721 92723 92739 92752 92776 92776 
92780 92790 92798 92802 92815 92816 92822 92830 92837 92838 
92855 92856 92857 92857 92860 92861 92872 92881 92881 92896 
92907 92907 92909 92913 92928 92940 92956 92966 92968 92976 
92981 92986 92990 93024 93038 93074 93087 93104 93110 93121 
93141 93195 93203 93207 93227 93231 93234 93260 93268 93292 
93292 93317 93324 93324 93325 93334 93336 93347 93352 93359 
93363 93389 93402 93405 93410 93418 93426 93442 93445 93446 
93452 93456 93492 93510 93514 93528 93533 93542 93543 93551 
93556 93561 93562 93568 93575 93604 93606 93624 93628 93642 
93647 93650 93662 93664 93677 93684 93693 93705 93717 93721 
93722 93737 93738 93739 93739 93754 93759 93761 93763 93769 
93773 93776 93783 93784 93785 93786 93805 93820 93830 93832 
93867 93869 93881 93888 93893 93902 93912 93924 93928 93934 
93941 93962 93985 93987 93995 93997 94007 94009 94015 94028 
94031 94036 94045 94057 94060 94076 94079 94099 94099 94101 
94114 94115 94118 94122 94148 94183 94186 94188 94194 94194 
94195 94208 94229 94233 94241 94245 94271 94271 94296 94305 
94308 94311 94317 94329 94333 94342 94359 94361 94370 94377 
94383 94396 94397 94408 94412 94431 94432 94433 94433 94441 
94448 94457 94457 94461 94465 94471 94478 94489 94495 94496 
94517 94535 94541 94557 94567 94574 94576 94577 94598 94611 
94616 94617 94637 94641 94652 94657 94692 94696 94699 94703 
94706 94712 94727 94746 94747 94762 94767 94794 94807 94823 
94830 94830 94842 94860 94883 94886 94886 94887 94888 94896 
94899 94909 94926 94942 94946 94964 94984 95016 95051 95056 
95077 95099 95101 95103 95104 95118 95118 95119 95123 95147 
95151 95154 95159 95164 95165 95171 95178 95185 95217 95228 
95228 95260 95287 95290 95299 95315 95324 95333 95334 95346 
95356 95365 95373 95391 95393 95398 95405 95422 95429 95434 
95441 95443 95447 95470 95487 95488 95490 95493 95512 95514 
95517 95525 95526 95533 95541 95550 95558 95563 95571 95587 
95612 95615 95629 95632 95637 95658 95667 95679 95682 95683 
95685 95700 95709 95713 95715 95719 95721 95730 95732 95757 
95759 95766 95776 95784 95792 95818 95822 95826 95843 95848 
95881 95904 95914 95915 95920 95926 95951 95958 95960 95962 
95975 95979 95984 95988 96007 96008 96011 96040 96057 96059 
96073 96074 96076 96080 96087 96095 96119 96124 96130 96131 
96143 96150 96153 96154 96156 96169 96170 96172 96173 96177 
96182 96183 96195 96196 96228 96248 96267 96268 96301 96315 
96327 96330 96336 96337 96338 96348 96357 96359 96361 96384 
96394 96409 96420 96420 96432 96442 96447 96448 96462 96473 
96489 96490 96496 96510 96513 96520 96543 96543 96570 96571 
96573 96575 96584 96584 96601 96622 96623 96625 96648 96649 
96650 96651 96655 96655 96655 96672 96679 96681 96687 96737 
96752 96762 96788 96797 96807 96818 96819 96835 96866 96868 
96880 96904 96911 96915 96921 96924 96936 96945 96946 96961 
96971 96989 97004 97009 97010 97037 97068 97077 97082 97085 
97095 97129 97133 97133 97150 97192 97194 97196 97199 97203 
97214 97231 97254 97259 97295 97304 97321 97331 97345 97384 
97411 97417 97417 97419 97434 97443 97445 97462 97467 97476 
97481 97530 97536 97549 97551 97551 97553 97566 97575 97578 
97578 97586 97589 97593 97618 97620 97621 97640 97641 97646 
97652 97661 97668 97668 97677 97682 97693 97700 97702 97710 
97711 97719 97732 97735 97747 97751 97760 97764 97773 97784 
97785 97824 97825 97838 97852 97863 97863 97868 97872 97891 
97902 97932 97937 97951 97967 97974 97989 98004 98019 98027 
98028 98038 98039 98060 98069 98076 98082 98082 98087 98095 
98116 98138 98138 98168 98174 98225 98251 98261 98269 98274 
98281 98283 98288 98292 98299 98315 98316 98318 98322 98323 
98330 98332 98357 98369 98370 98391 98428 98431 98436 98444 
98446 98461 98463 98464 98494 98507 98537 98543 98547 98547 
98557 98558 98567 98579 98582 98610 98627 98628 98630 98644 
98649 98657 98665 98678 98681 98684 98689 98689 98691 98699 
98722 98725 98725 98735 98742 98751 98756 98763 98766 98777 
98778 98789 98795 98810 98818 98819 98832 98833 98843 98868 
98873 98874 98907 98915 98937 98947 98948 98948 98951 98959 
98973 98974 98986 99013 99014 99027 99070 99077 99084 99099 
99115 99139 99145 99154 99157 99158 99195 99227 99232 99238 
99240 99240 99253 99259 99261 99268 99274 99274 99302 99328 
99340 99354 99373 99374 99387 99396 99424 99426 99433 99469 
99472 99478 99481 99492 99500 99543 99552 99563 99571 99571 
99574 99579 99581 99584 99584 99594 99607 99622 99625 99650 
99661 99673 99682 99697 99701 99728 99734 99744 99745 99753 
99761 99768 99775 99782 99784 99801 99814 99816 99831 99840 
99851 99852 99899 99903 99917 99920 99923 99957 99966 99966 

