1000
780 2151 3534 4871 5270 6034 6927 7813 9195 9856 
11012 12267 12428 13606 15377 17655 18446 19698 20697 20791 
20978 22568 22648 22801 23607 25265 33788 33820 34461 34521 
35911 35988 36426 36640 38979 39173 39266 40995 41041 41989 
45295 47238 47504 47750 49407 50166 51571 52083 53013 53427 
53639 55522 56827 58884 59383 61769 63061 64320 64523 65354 
66024 66288 67653 67970 69564 70677 71735 71949 73926 75602 
76011 77706 78687 79440 80141 80473 83097 83705 84740 85742 
87326 88703 89372 91792 92416 94914 95148 97495 97692 98570 
99850 100245 101072 101733 102163 102745 105347 106395 106496 106993 
107795 108526 110293 110520 111468 112673 112944 114537 116544 119290 
119314 119976 120613 120659 121226 121534 122509 122558 122662 122859 
122947 123010 124365 125765 125884 126536 127494 127893 132765 133151 
134361 135532 135900 138118 138896 142948 143113 144447 146482 147012 
147551 147994 148372 149972 150389 151056 151434 154001 154994 155148 
157463 157593 157615 157840 157862 157913 158804 159046 161376 162816 
163060 163272 163480 163697 166329 168495 169491 169676 169979 171636 
172509 174002 174977 175173 176138 176917 177265 177888 178454 178582 
180576 180617 183911 184009 184976 185573 186130 188008 193028 193234 
193422 193882 194137 194733 195667 196031 198409 200904 203927 203973 
204172 206513 206574 206680 207795 214633 215442 216069 216733 217224 
218576 221132 222402 222998 223159 223697 224647 225507 226399 226488 
229983 231481 232021 232363 232864 232993 233529 233743 234227 234317 
234321 234713 235551 237022 237402 237801 240072 241569 241769 242113 
242987 245204 246715 247998 249491 250276 250300 251541 252516 253947 
253976 254616 255142 256848 257282 257284 259779 261326 262924 262947 
263253 265253 265308 266287 266301 266345 268046 268330 269713 269740 
271005 271531 272783 273085 273757 274190 277755 278175 279576 281678 
283908 284518 285182 285200 285696 285769 285876 287323 288959 289454 
290257 291273 295634 298831 298952 300755 302477 303970 304166 310416 
310789 311119 313142 313324 316543 317254 317494 317501 317557 318177 
320935 321883 323232 324190 324574 325433 326688 328561 329245 329316 
329534 330519 330607 330812 331292 332158 332597 332949 332962 333090 
333236 333728 334080 334628 334678 335071 335202 335848 338039 338542 
339550 340152 341117 341417 343672 343957 344124 344857 345314 345601 
346565 347303 347319 348839 349672 351151 352057 353039 354040 354638 
354735 354875 355885 357442 357528 359133 359376 360357 361609 361948 
363210 364411 365098 366903 367746 369230 369440 369443 369720 370701 
371113 372144 372916 373155 373366 374897 375480 375573 380605 383023 
383953 386328 386573 386597 386931 386974 387906 389080 389827 389900 
390208 391194 392410 393112 394684 396002 397071 397934 398947 399985 
401225 403449 403984 404101 404238 405223 408567 408795 409836 409837 
410172 410181 412627 413716 414007 416497 417589 419233 419683 419804 
421757 422988 426239 426471 426538 427413 428549 433138 433593 435703 
436117 437029 437643 437678 438552 438983 438992 439952 440631 441236 
442118 442367 442735 443091 444131 444717 444915 445602 446635 447625 
447862 447954 448000 448081 448702 449645 453565 453738 454398 454882 
455398 456818 456877 457110 457884 458197 458596 458629 460194 461142 
461206 463067 463312 465180 466319 466909 469521 470313 470492 471469 
472075 472836 473960 476657 478549 479060 479617 480856 481969 483663 
484665 485567 486717 487552 487699 490144 491879 492136 495051 495217 
495646 496293 496602 496618 500419 502025 502635 502914 503931 504056 
504611 504795 504896 506813 508388 509466 511243 513412 517118 518131 
518943 519571 522344 523246 523260 524336 524857 526199 528158 528795 
529170 530922 531279 531418 531719 533400 533415 533542 535051 535299 
535559 536345 537532 537673 537866 538171 538189 538610 538646 541190 
541438 542224 543071 544591 544914 545573 545834 545937 548797 549719 
551114 551137 551434 553020 555535 557986 560449 561317 561486 564607 
566916 567498 570263 570574 571118 571271 573332 574624 574896 576231 
576429 577619 579150 579962 581184 582037 582075 582471 582604 584089 
589071 592801 593732 593919 594749 595079 595136 595640 595680 595889 
596646 597729 599145 600573 601451 601892 602208 602316 602784 602850 
602925 608536 608853 610425 610587 611439 611577 612655 613542 613607 
615192 616398 618825 618859 620309 621726 622146 622675 623016 623180 
623557 623634 623829 624104 625841 626680 627287 629842 631386 632010 
632055 633388 633445 634352 634425 635999 636235 638249 638847 639058 
639447 639619 639794 639839 641738 642033 644056 645985 648641 650601 
654724 654858 656173 658661 659159 659501 661417 661825 661890 663640 
664520 664768 665779 665857 666966 667526 667812 667850 668987 670075 
671539 672654 672834 673126 673390 673860 674846 676967 677180 677273 
677685 678070 678648 679259 679528 680464 681867 682902 688696 688819 
690493 694218 694549 694844 695329 696507 696649 702244 702384 702588 
703841 704473 705908 708398 709253 709300 709554 709640 710338 711248 
715551 715596 715597 716795 717511 721692 722416 722518 723505 726173 
727641 728277 730606 730862 730894 730987 732117 733206 733317 734319 
734376 735156 735483 735666 737163 738765 739239 743437 747812 749628 
749841 750067 751309 752422 752758 753501 754580 755484 757157 759339 
759744 761510 761922 763103 763146 764966 766666 767887 770780 771385 
774024 774151 774205 774426 775333 776869 776906 777927 778123 778142 
780991 781356 783294 784078 784460 785754 787336 787843 788707 789561 
789977 790059 790095 791146 794658 794769 795034 795049 795203 796167 
796527 797103 800488 801020 801148 801236 802037 803421 804488 804899 
805765 807003 808324 809073 811511 811809 811918 812707 813847 817666 
818195 818908 819467 820734 821084 823025 823896 824035 824536 825508 
826387 826423 826816 827030 827402 828535 831523 832304 835793 836480 
838472 839090 840274 840566 841175 841539 843205 843570 844935 845026 
845444 845883 847486 848118 848408 849826 851255 851391 853255 854126 
854378 856434 856434 856995 857105 857324 857668 859100 859843 860637 
861391 862989 864225 864345 868828 870933 871514 871804 873139 877562 
878496 878761 880345 881282 881407 881476 883507 883707 886269 887068 
888504 890445 891301 891755 891804 892362 892914 893085 893514 895438 
897849 898000 900611 901138 901297 901326 902095 902121 903605 904519 
904677 905702 905856 906500 906631 906735 908105 908153 910047 910391 
911081 911468 912625 912951 915348 915861 917328 917627 918224 918618 
921257 922462 923888 924826 925307 926832 927517 927702 929981 930190 
930336 931120 933151 933292 939332 940223 940732 940822 942629 943710 
944356 948510 948710 949808 951483 955805 961912 962322 962653 963371 
965071 965603 968105 968419 969162 969880 971492 973143 974494 976206 
976601 976780 978877 979008 979194 979550 985975 987496 989120 989270 
991528 992928 993144 993350 994035 994617 995098 996386 998047 999203 

