100  2  
17 64 
79 38 
31 81 
53 53 
17 35 
60 93 
27 87 
65 55 
69 62 
75 59 
45 21 
9 30 
23 47 
91 23 
16 84 
82 20 
54 23 
99 17 
8 23 
44 44 
11 31 
96 92 
1 43 
77 19 
81 90 
87 97 
9 44 
40 12 
26 26 
80 41 
43 59 
91 26 
19 60 
27 71 
15 22 
14 12 
87 30 
58 32 
55 42 
15 51 
85 9 
62 26 
35 80 
51 3 
40 92 
8 73 
24 49 
13 58 
19 24 
24 46 
42 96 
5 55 
90 52 
94 23 
49 49 
49 62 
34 68 
90 40 
37 37 
12 98 
78 4 
39 88 
24 91 
40 79 
10 10 
14 26 
94 34 
95 68 
57 14 
6 72 
24 11 
35 65 
82 49 
2 78 
5 71 
17 90 
65 89 
73 34 
65 70 
45 20 
55 4 
30 74 
74 50 
19 48 
68 90 
19 61 
37 62 
62 86 
78 80 
9 58 
93 19 
77 24 
49 88 
44 3 
45 49 
31 17 
51 97 
51 71 
81 50 
79 47 
