300  2  
2 105 
94 269 
198 215 
152 79 
263 39 
23 227 
289 241 
40 79 
179 240 
114 129 
120 266 
236 233 
161 80 
136 63 
5 113 
96 239 
82 73 
121 233 
69 84 
205 155 
109 79 
58 186 
37 125 
195 96 
94 90 
22 139 
195 246 
254 135 
31 287 
103 135 
64 21 
28 58 
76 167 
62 284 
185 184 
267 244 
215 169 
259 161 
251 3 
6 87 
100 196 
17 261 
202 214 
72 220 
143 226 
17 19 
252 233 
180 5 
84 105 
289 200 
27 175 
15 238 
185 24 
290 23 
38 150 
112 53 
82 27 
39 64 
116 166 
94 27 
256 23 
238 282 
187 152 
166 295 
71 216 
71 214 
92 88 
67 283 
49 122 
267 30 
233 13 
263 119 
240 179 
25 4 
49 90 
8 104 
97 206 
62 101 
158 38 
11 160 
48 271 
181 85 
174 158 
162 238 
286 92 
189 5 
180 223 
15 86 
68 278 
108 2 
221 142 
158 42 
213 86 
149 161 
238 101 
62 244 
282 157 
197 56 
73 264 
84 17 
29 161 
204 189 
279 264 
172 226 
273 112 
191 254 
291 148 
191 40 
240 138 
263 35 
287 87 
93 122 
181 21 
82 117 
22 229 
44 280 
98 281 
166 93 
54 194 
167 275 
199 194 
163 55 
263 255 
25 293 
9 98 
197 77 
52 171 
146 220 
176 189 
94 9 
108 89 
291 37 
35 43 
268 220 
253 138 
37 160 
46 87 
225 252 
53 48 
179 7 
138 180 
234 194 
230 147 
168 297 
261 154 
67 115 
243 164 
44 23 
172 250 
115 76 
195 51 
164 141 
115 70 
46 92 
68 149 
95 253 
33 247 
105 18 
112 43 
87 77 
281 266 
294 75 
274 112 
80 93 
21 128 
101 39 
265 233 
3 63 
45 237 
87 255 
40 2 
13 247 
270 85 
289 33 
127 126 
47 48 
296 17 
209 229 
205 258 
119 237 
297 89 
273 259 
44 219 
130 19 
122 200 
281 22 
118 30 
239 155 
1 219 
156 85 
213 295 
67 174 
87 281 
241 72 
268 253 
243 136 
197 19 
296 23 
202 236 
61 33 
44 296 
61 150 
30 222 
187 106 
204 22 
96 247 
55 73 
274 17 
35 18 
292 213 
62 128 
274 209 
201 252 
68 113 
46 160 
215 224 
30 120 
168 229 
158 140 
66 264 
200 83 
136 214 
147 40 
140 103 
232 156 
109 99 
214 208 
48 257 
150 274 
59 261 
55 231 
203 224 
269 211 
181 179 
78 204 
175 90 
143 162 
260 278 
203 211 
182 231 
264 173 
241 288 
180 10 
56 159 
279 81 
198 58 
208 52 
241 55 
114 89 
75 113 
99 190 
293 114 
74 139 
118 226 
8 77 
232 204 
133 13 
35 136 
299 239 
204 170 
133 182 
46 225 
94 202 
160 219 
130 109 
267 268 
46 291 
152 4 
217 164 
218 212 
242 278 
207 11 
163 274 
40 173 
134 42 
147 93 
209 75 
158 15 
68 60 
143 90 
14 296 
244 292 
60 150 
157 177 
218 219 
18 298 
126 285 
24 2 
154 267 
170 73 
88 26 
260 269 
221 269 
199 78 
288 223 
266 120 
278 206 
214 1 
25 252 
77 237 
