500  2  
373 589 
832 106 
411 742 
870 658 
178 643 
707 501 
754 343 
694 313 
348 77 
853 191 
486 80 
492 683 
267 63 
674 527 
107 255 
149 469 
892 876 
61 616 
682 361 
389 95 
128 373 
46 493 
869 208 
206 6 
348 487 
134 792 
523 341 
390 744 
93 138 
5 540 
355 754 
793 290 
264 365 
619 373 
664 520 
813 116 
649 94 
579 130 
609 396 
658 425 
808 618 
840 324 
397 279 
316 37 
837 852 
858 68 
62 854 
308 209 
13 77 
357 655 
544 678 
132 805 
366 543 
68 434 
554 289 
299 417 
77 412 
676 531 
672 661 
209 899 
283 745 
146 252 
39 748 
498 475 
604 7 
888 681 
808 765 
134 203 
80 405 
317 798 
765 84 
633 447 
147 206 
178 100 
843 405 
236 29 
37 211 
584 442 
348 310 
634 532 
63 209 
837 801 
230 511 
605 747 
227 151 
850 283 
294 519 
843 110 
236 601 
758 163 
585 160 
571 729 
269 52 
588 525 
881 634 
631 813 
319 261 
666 774 
266 369 
423 898 
682 555 
487 864 
727 35 
136 163 
181 100 
688 168 
268 789 
448 554 
567 682 
382 490 
175 177 
62 684 
98 155 
395 775 
350 748 
227 674 
578 649 
582 471 
560 821 
28 253 
224 100 
642 319 
660 106 
799 545 
485 324 
173 518 
695 557 
556 649 
844 501 
443 405 
319 311 
733 55 
289 400 
878 199 
341 652 
84 668 
19 235 
476 4 
88 707 
823 888 
651 548 
412 324 
244 867 
748 786 
52 392 
500 138 
535 586 
276 145 
330 288 
894 134 
555 145 
735 227 
541 434 
49 385 
54 805 
391 259 
618 270 
606 508 
323 690 
442 815 
156 330 
101 276 
517 543 
335 440 
322 220 
86 785 
886 478 
381 658 
689 364 
671 650 
779 633 
728 268 
469 73 
231 557 
794 422 
763 857 
19 302 
54 624 
620 418 
235 228 
19 429 
532 551 
36 404 
93 78 
325 875 
8 179 
418 81 
105 489 
646 146 
601 5 
503 491 
510 567 
420 354 
334 511 
32 75 
778 451 
864 78 
819 227 
679 156 
257 30 
297 788 
424 52 
512 421 
542 547 
215 322 
519 402 
332 716 
245 732 
886 273 
583 222 
352 351 
105 148 
278 676 
38 55 
342 83 
651 845 
699 525 
91 772 
828 342 
618 324 
103 263 
683 77 
672 581 
736 839 
540 490 
511 603 
742 832 
869 517 
44 821 
146 834 
747 259 
10 846 
592 733 
767 473 
333 737 
649 627 
348 787 
837 511 
425 610 
472 26 
32 683 
200 158 
727 504 
100 479 
397 274 
609 630 
414 856 
19 490 
621 233 
205 19 
196 681 
73 8 
486 239 
535 495 
67 125 
164 401 
371 128 
151 788 
794 495 
819 526 
388 478 
118 773 
456 456 
716 662 
539 771 
612 103 
420 390 
641 257 
260 781 
26 61 
449 550 
176 310 
867 243 
687 513 
551 119 
348 122 
820 841 
482 302 
674 178 
367 65 
307 820 
672 861 
724 324 
355 87 
697 804 
457 345 
355 143 
345 578 
795 35 
657 61 
689 485 
440 826 
367 150 
786 113 
223 13 
16 686 
88 650 
727 769 
883 225 
446 553 
387 44 
626 102 
197 313 
69 425 
415 72 
346 614 
217 473 
684 464 
868 846 
86 119 
702 586 
170 762 
9 311 
369 62 
128 11 
479 7 
502 263 
624 196 
788 272 
18 536 
618 507 
887 196 
887 352 
411 304 
313 671 
884 332 
437 381 
284 514 
343 529 
17 26 
453 82 
115 451 
275 826 
231 223 
3 587 
695 59 
595 15 
358 468 
451 587 
551 355 
120 343 
255 333 
753 678 
779 551 
50 215 
444 832 
747 344 
826 336 
721 297 
880 813 
514 420 
58 457 
78 715 
879 122 
404 185 
804 171 
820 2 
865 772 
700 9 
853 8 
611 756 
643 693 
124 771 
75 840 
101 14 
332 171 
868 624 
326 879 
837 518 
87 506 
110 847 
440 618 
830 298 
122 306 
130 840 
300 277 
410 35 
8 511 
368 586 
163 665 
786 860 
494 276 
775 683 
48 253 
460 811 
132 603 
395 263 
410 291 
287 645 
833 166 
649 396 
573 328 
851 192 
657 480 
470 749 
582 426 
662 569 
784 178 
780 897 
206 3 
271 554 
369 742 
173 373 
175 806 
135 461 
769 865 
837 547 
701 599 
143 829 
656 404 
174 570 
412 191 
770 504 
119 94 
552 263 
574 490 
677 163 
231 249 
494 210 
844 494 
855 501 
545 558 
729 1 
284 169 
245 429 
386 17 
672 427 
419 69 
885 226 
763 523 
290 136 
161 369 
769 803 
774 769 
95 488 
684 414 
126 135 
546 440 
713 512 
191 307 
29 376 
723 159 
36 751 
667 608 
306 167 
375 550 
175 634 
852 26 
122 469 
422 233 
766 457 
222 875 
388 736 
894 773 
834 807 
39 270 
493 792 
2 230 
652 173 
557 168 
335 775 
265 400 
50 348 
630 748 
803 186 
653 808 
527 414 
857 147 
325 242 
83 469 
438 695 
149 349 
232 40 
2 888 
687 471 
687 759 
15 802 
112 617 
73 466 
71 398 
532 342 
447 29 
444 195 
583 77 
756 717 
16 362 
759 45 
694 285 
260 784 
630 838 
821 383 
850 779 
241 433 
139 817 
334 226 
201 474 
24 221 
163 754 
220 473 
897 315 
